-0.000809656  -0.000110511  -0.000851585  0.0385412  0.109851  -0.149958  
-0.000874876  -0.000110511  -0.000851585  0.0381838  0.0716924  -0.158407  
-0.00106247  0.000154902  -0.000851585  0.0411251  0.0406965  -0.14995  
-0.00124742  0.000145868  -0.000851585  0.0357091  0.0733494  -0.166566  
-0.00108462  -0.000110511  -0.00091568  0.0239419  0.0518902  -0.154921  
-0.000672554  -9.36422e-05  -0.000851586  0.0308719  0.0307052  -0.123164  
-0.00120863  0.000437115  -0.000851586  0.0374918  0.0325463  -0.0694336  
-0.000976317  0.000685484  -0.000696117  0.0267101  0.0358652  -0.00336458  
-0.000773329  0.000621685  -0.000634878  0.0200305  -0.00711662  0.0240129  
-0.00063944  0.000888454  -0.000407021  0.0275712  0.0105441  -0.000352689  
-0.000279297  0.000888454  -0.000511389  0.0381911  0.127409  -0.0123847  
0.000162102  0.000833319  -0.000851586  0.038179  0.07001  -0.030108  
-0.00032911  0.000314392  -0.000851586  0.0381485  0.0700623  -0.0608607  
9.84619e-05  0.00050524  -0.000851586  0.0381789  -0.0113883  -0.0562903  
-0.000546082  0.00050524  -0.000851586  0.0381789  0.0106963  -0.0626031  
-0.000989104  0.00104493  -0.00066825  0.0481328  -0.0112675  -0.0326734  
-0.00123129  0.00142852  -0.000613317  0.0481583  -0.0112642  0.0025838  
-0.000985044  0.00119784  -0.000472484  0.0530075  0.0592533  -0.069391  
-0.00118351  0.00141035  -0.000578125  0.0536742  0.0791201  -0.0800187  
-0.00125366  0.00149469  -0.000550731  0.0654808  0.04732  -0.0405549  
-0.00131148  0.00149469  -0.000543798  0.0627926  0.0293362  -0.03239  
-0.00112298  0.00149469  -0.000851586  0.0592653  0.0448307  -0.0699436  
-0.00105747  0.00149469  -0.000851586  0.0787992  0.0550273  -0.053101  
-0.00111299  0.00181666  -0.000573387  0.0715318  0.0419519  -0.0303347  
-0.00107627  0.00149469  -0.000578087  0.0635306  -0.0304412  -0.0314812  
-0.000808923  0.00149469  -0.000668644  0.0629423  0.0518008  -0.067371  
-0.000863836  0.00149469  -0.000851586  0.0714545  0.0732525  -0.0530933  
-0.000863836  0.00181415  -0.000851586  0.072926  0.0368626  -0.0347474  
-0.00117362  0.00177293  -0.000851586  0.0663686  0.00540612  -0.010267  
-0.000863836  0.00149469  -0.000851586  0.0712727  0.0370163  -0.0669215  
-0.000863836  0.0018002  -0.000851586  0.0676756  0.0878589  -0.0590097  
-0.000863836  0.00190599  -0.000851586  0.0688151  0.0358088  -0.024792  
-0.00106311  0.00190741  -0.000851586  0.0658827  0.0273641  -0.0327536  
-0.000740341  0.00149469  -0.000851586  0.0595543  0.0462515  -0.0947773  
-0.000684533  0.00149469  -0.000851586  0.0611558  0.0423517  -0.0835408  
-0.00108128  0.00149469  -0.000949314  0.0565455  0.0626377  -0.0483254  
-0.000863761  0.00186753  -0.000851586  0.0631311  -0.0147743  -0.0872614  
-0.00103171  0.00149469  -0.000851586  0.0650753  0.0614173  -0.0999462  
-0.000683125  0.00185648  -0.00105589  0.0624132  0.0321788  -0.0515801  
-0.000881419  0.00209548  -0.000961702  0.0624423  0.0287862  -0.0550647  
-0.000749783  0.00200916  -0.000851587  0.0614462  0.00785205  -0.0938288  
-0.00103171  0.00149469  -0.000851587  0.0574999  0.0264262  -0.117859  
-0.00103171  0.00172051  -0.000851587  0.0633541  0.0209999  -0.0275571  
-0.000902519  0.00182917  -0.000851587  0.0708804  -0.0314514  -0.0517091  
-0.000896657  0.00169121  -0.000851587  0.0634077  0.0636631  -0.102082  
-0.00103171  0.00169253  -0.000851587  0.0675695  0.0405911  -0.097153  
-0.00131738  0.00197885  -0.000681296  0.0715001  -0.0142274  -0.0262538  
-0.00113014  0.00171077  -0.000716678  0.0699927  -0.00821503  -0.0839419  
-0.00118421  0.00149469  -0.000851587  0.075891  0.093598  -0.0400978  
-0.00076343  0.00149469  -0.00105289  0.0625447  0.017465  0.000437233  
-0.00103171  0.00149469  -0.000851587  0.0382871  -0.0112381  -0.0254482  
-0.000985115  0.00149468  -0.000851587  0.0382871  -0.0111775  -0.0909897  
-0.000866461  0.00149468  -0.000851587  0.0546468  0.102928  -0.0910047  
-0.000959259  0.00149468  -0.000851587  0.0604111  0.0726647  -0.1009  
-0.00128936  0.00184138  -0.000748638  0.0643024  -0.00190646  -0.0520879  
-0.00107978  0.00149468  -0.000595605  0.0550183  -0.0119481  -0.0822182  
-0.00101692  0.00149468  -0.000851587  0.053746  0.0643199  -0.114781  
-0.00112372  0.00149469  -0.000851588  0.0530499  0.0696387  -0.119526  
-0.00123227  0.00179589  -0.000851587  0.0578575  0.0618462  -0.0540854  
-0.00123227  0.00149062  -0.000369085  0.0490485  -0.00500803  -0.0136216  
-0.000981815  0.00154798  -0.000427109  0.0463791  0.0120059  -0.0406943  
-0.000494702  0.00139343  -0.000560366  0.0491277  0.0599829  -0.0510431  
-0.00071847  0.00122591  -0.000952932  0.0482227  0.0911198  -0.0398813  
-0.000616956  0.00138312  -0.00103072  0.0495834  0.0292058  -0.0531992  
-0.000866683  0.00138312  -0.000851588  0.053314  0.033415  -0.0485086  
-0.00105817  0.00138312  -0.000851588  0.0637428  0.0292184  -0.0346511  
-0.00100586  0.00157842  -0.000541811  0.0711598  0.0428321  -0.103707  
-0.00121156  0.00132978  -0.000851588  0.0799048  0.0469624  -0.112456  
-0.00121156  0.00121648  -0.000851588  0.0657671  0.00968285  -0.0729938  
-0.00121156  0.00116686  -0.000731283  0.0539657  0.00936227  -0.118463  
-0.0010985  0.00100498  -0.00110159  0.055202  0.0343724  -0.150113  
-0.000850121  0.00116422  -0.000851588  0.0719731  -0.00816767  -0.0913381  
-0.00105382  0.000990997  -0.000851588  0.0734599  0.0271609  -0.117815  
-0.00107757  0.000796891  -0.000851589  0.0602898  0.0794655  -0.142825  
-0.000862824  0.000790357  -0.000851589  0.0623481  0.0457772  -0.0845857  
-0.000761747  0.00105006  -0.000851589  0.0655203  -0.000219531  -0.101703  
-0.00141276  -0.000472483  -0.000461559  0.0492556  0.0283493  -0.145349  
-0.00139579  0.000193553  -0.000704196  0.0417739  0.0283541  -0.0911025  
-0.00127967  0.000830583  -0.000613605  0.0528129  -0.0141748  0.0124959  
-0.000896815  0.00109131  -0.000520682  0.038231  -0.0209186  0.0198887  
-0.000739538  0.00110017  -0.000535027  0.0469735  0.113869  -0.0199831  
-0.000593815  0.00121563  -0.000623713  0.0565633  0.0856923  -0.0199628  
-0.00046729  0.00104627  -0.000523599  0.0565066  0.0493241  -0.0415415  
-0.00095864  0.00115408  -0.000472726  0.0564921  0.00605289  -0.00441218  
-0.000743936  0.00104858  -0.000451902  0.0598143  0.0343883  -0.00565598  
-0.000984937  0.000880716  -0.000851589  0.0575947  0.0406622  -0.0726858  
-0.0012098  0.00097485  -0.000620296  0.0692364  0.10245  -0.0556089  
-0.00123106  0.00126881  -0.000446872  0.0736559  0.0277724  0.00600595  
-0.000988072  0.000647562  -0.000322354  0.0671828  0.0277609  -0.0437001  
-0.00108941  0.000647562  -0.000355614  0.0657493  0.0611429  -0.0559366  
-0.000988072  0.000647562  -0.000649961  0.0640072  0.0543692  0.0271759  
-0.000742262  0.00116724  -0.000517993  0.0736321  0.000671919  0.0447185  
-0.000506876  0.00114656  -0.000592306  0.0736149  0.0687232  0.00877768  
-0.000344142  0.00103185  -0.000705746  0.061336  0.0529617  0.00287933  
-0.000721171  0.000889664  -0.000752265  0.0623507  0.00503829  -0.00086523  
-0.000645556  0.000695261  -0.000733083  0.0458796  0.0141851  -0.0947624  
-0.000933672  0.000897315  -0.000851589  0.0527429  0.0624717  -0.0605245  
-0.00116693  0.000893707  -0.000667857  0.0662964  0.0167641  -0.0583027  
-0.00139187  0.000365553  -0.000743326  0.0445058  0.0781027  -0.144185  
-0.000991017  0.000365553  -0.000851589  0.0375155  0.0510649  -0.147663  
-0.00131526  0.000365553  -0.00050901  0.0451383  0.0254123  -0.0877513  
-0.000528611  0.000748233  -0.000851589  0.0453431  0.0219894  -0.12832  
-0.000808131  0.000561446  -0.000593745  0.0457996  0.0153011  -0.126826  
-0.001715  -0.000165373  -0.000851589  0.0239622  0.0221601  -0.188951  
-0.000358747  -0.00048186  -0.000851589  0.0144218  -0.0216386  -0.164976  
-0.000608724  -0.000382626  -0.000945347  0.0239188  0.000138322  -0.147075  
-0.000608724  6.12376e-05  -0.000614815  0.0239876  -0.0216001  -0.0526847  
-0.000608724  0.000121044  -0.000402916  0.0239879  -0.0216081  -0.00729345  
-0.000380059  0.000378642  -0.000402916  0.0240021  0.00146235  -0.0267174  
-0.000608724  0.00064295  -0.000402916  0.0240322  0.0908492  -0.0668031  
-0.000189456  0.000493071  -0.000402916  0.0281448  0.0452399  -0.0896565  
-0.000461192  0.000249225  -0.000402916  0.0376269  -0.00147953  -0.147654  
-0.000826566  0.000121044  -0.000402916  0.0287411  0.00253881  -0.0586314  
-0.000951288  0.000394613  -0.000172078  0.0219474  -0.0165685  -0.0102428  
-0.000639597  0.000339141  -8.49644e-05  0.0239773  -0.0165764  -0.0450854  
-0.000395863  0.00060986  -0.000189913  0.0240108  0.0688121  -0.0499596  
-0.000232804  0.000576488  -0.00028308  0.0367786  0.074565  -0.049949  
-0.000617613  0.000590608  -0.000253659  0.035895  0.0404162  -0.0263994  
-0.000610604  0.000121044  -0.000129357  0.0239678  0.0104512  0.0156523  
-0.000241587  0.000121044  -0.000402916  0.0239879  0.0638969  -0.0379204  
-0.000395863  0.000524987  -0.000260825  0.0196561  0.113879  -0.0553832  
-0.000730483  0.000524987  -0.000185726  0.0240103  0.0634689  -0.0553187  
-0.000764378  0.000524987  -0.000130642  0.0240138  0.0599751  -0.0183879  
-0.000588827  0.000524987  -0.000116755  0.0329843  0.0177536  -0.0537238  
-0.0005881  0.00108385  -0.000402916  0.0396155  0.0490639  -0.0700937  
-0.000662516  0.000606932  -0.000233858  0.0387797  0.0886925  -0.0676163  
-0.000308301  0.000434  -0.000402916  0.0239806  0.0277482  0.0111314  
-0.00018914  0.000182682  -0.000402916  0.026279  0.0378905  0.00968435  
-0.000216173  0.000215047  -0.000525638  0.0297555  0.0684393  0.0173208  
-0.000662516  0.000225663  -0.000510865  0.0239913  0.0725778  -0.0329161  
-0.000798349  -0.000119515  -0.000402916  0.0239804  -0.00500995  -0.0095875  
-0.000519541  0.000132598  -0.000343511  0.0206432  0.0120454  -0.0580402  
-0.000678876  8.38386e-05  -0.000515436  0.0351583  0.151868  -0.127654  
-0.000844612  -1.05318e-05  -0.000402916  0.032349  0.00347789  -0.127646  
-0.000844612  0.00017259  -0.000402916  0.0379832  0.0388785  -0.085216  
-0.000632292  -0.000119515  -0.000402916  0.025688  0.0534278  -0.136094  
-0.000791613  -0.000119515  -0.000402916  0.0261534  0.0190667  -0.139029  
-0.000666765  -0.000119515  -0.000402916  0.0363421  -0.0349424  -0.0938745  
-0.000844612  -0.000119515  -0.000519644  0.0280304  -0.000349184  -0.131227  
-0.000844612  0.000118674  -0.000530142  0.030953  0.0281162  -0.0613275  
-0.000461539  0.000341264  -0.000402916  0.0312618  -0.0264852  0.00355412  
-0.00016314  0.00034138  -0.000402916  0.0330626  0.0196323  -0.0762715  
-0.000268526  3.11703e-05  -0.000748404  0.0443914  0.0598004  -0.0964931  
-3.44767e-05  -0.000228093  -0.000691587  0.0247976  -0.0142329  -0.10315  
-0.000458099  0.00010804  -0.000619968  0.0397308  -0.0107314  -0.0474222  
-0.000773624  0.000196179  -0.000653563  0.0443922  0.0204214  -0.046382  
-0.000487827  -0.0004154  -0.000794431  0.0105466  0.0155722  -0.158809  
-0.000422696  -0.000644349  -0.000787728  0.00379721  0.0058566  -0.129854  
-0.00102207  -2.2013e-05  -0.000402916  0.0139489  0.00583883  -0.0247989  
-0.000878909  0.000305466  -0.000402916  0.0169746  -0.0267702  0.0228151  
-0.000395314  9.71337e-05  -0.000125728  -0.00022409  -0.0414466  0.0307782  
1.82005e-05  0.000115029  -0.000174841  -0.0197866  0.011528  0.0120059  
1.82005e-05  -0.000179368  0.000101435  -0.0220624  0.0879679  -0.0303522  
0.000333391  -7.33631e-05  0.000165976  -0.019774  0.0333703  -0.10884  
0.000804626  -0.0004154  1.88191e-05  -0.0118138  0.0375929  -0.108789  
0.000783122  -0.000333951  -6.27199e-05  0.00100429  0.109752  -0.0668549  
0.00109187  0.000178554  -0.000402916  0.0117857  0.0296524  -0.0862158  
0.00129097  -6.01047e-05  -9.43107e-06  -0.00368454  -0.0230633  -0.0275929  
0.00144962  -0.000170844  0.000137749  0.000445788  -0.00597678  -0.0399444  
0.0006428  -0.000144794  -2.01845e-05  0.00049549  0.0408168  -0.151193  
0.00053014  -0.0004154  -0.000402916  0.00340566  -0.0464146  -0.124167  
0.000611644  -0.000761544  -0.000943089  0.000482998  0.0179286  -0.0817721  
0.000391071  -0.00058569  -0.00058268  0.000476243  0.0382296  -0.0351459  
0.000190088  -0.000476213  -0.000653237  0.000492053  -0.00836908  -0.0591456  
0.000253169  -0.0004154  -0.00064558  0.000479233  0.0359596  -0.0664469  
0.000141693  -0.0004154  -0.000402916  0.00539882  0.042966  -0.0664547  
7.72133e-05  -0.0004154  -0.000402916  0.0168096  0.0365667  -0.0422608  
0  -0.000502167  -0.000402916  0.0168008  0.0293007  -0.0664588  
1.32349e-23  -0.0004154  -0.000255946  0.00909877  0.0662763  -0.0664575  
-0.000107306  -0.000136589  0  0.00986071  0.054032  -4.63133e-07  
0  -0  0  0  0  0  
0.000202485  -0  0.000163423  4.32021e-06  0.0344151  -0.0181611  
0.000330482  0.000262826  0.00051022  0.0131685  0.0994265  -0.00440065  
6.49009e-05  0.000626961  0.000446329  0.0292802  0.0994222  0.00959832  
0  0.000682175  0  0.0233111  0.0794646  0.00332636  
-0.000184389  0.000404232  0  0.0306265  0.0994413  0.0110405  
-0.000242418  0.0008795  -0.000141062  0.0270459  0.0397359  0.0362635  
0.000566288  0.000568085  -0.000515181  0.0253383  0.0397499  -0.0207918  
-0.000122302  0.000256736  -0.000437915  0.0254748  0.0720713  -0.000343611  
-0.000512908  0.00047472  -0.000406642  0.0365949  0.0922702  0.0321954  
-0.000399922  0.00047472  -0.000515181  0.0339464  0.0557252  0.0180085  
-0.000279165  0.00029462  -0.000816819  0.0358327  0.0312511  -0.0166637  
-0.000512908  0.000543394  -0.00105103  0.031103  0.0589674  0.0164144  
-0.000206893  0.000369844  -0.00124639  0.0319126  0.023767  0.00897364  
-0.000351153  0.000219593  -0.00116016  0.033416  0.0732684  -0.00942604  
-0.000512908  0.000449789  -0.00114732  0.0339267  0.0514343  0.0071269  
-0.000639045  0.000104957  -0.000750476  0.0217507  0.0489397  0.0531989  
-0.000926792  5.11489e-05  -0.000504105  0.00966725  0.0466336  0.0796149  
-0.000378178  5.11489e-05  -0.000338892  0.0121779  0.0214893  0.111865  
-0.000554103  0.000252233  -0.000349079  0.0201829  0.108388  0.0358629  
0.000251286  0.000510315  -0.000796873  0.0246933  0.142389  0.0358312  
0.00128037  0.000158647  -0.00099963  0.0201734  0.0442061  0.00995678  
0.00102459  0.000479161  -0.00109396  0.0243532  0.0855359  0.010255  
0.00106234  0.000463664  -0.00112166  0.0323541  0.0421797  -0.04224  
0.000584728  0.000488577  -0.0011009  0.020189  0.0247029  -0.0268056  
0.000144176  5.11489e-05  -0.0014726  0.0336107  0.0422772  -0.0627545  
0.000999622  5.11489e-05  -0.00159576  0.0201644  0.0122406  -0.051304  
0.0011196  -7.96333e-05  -0.00163189  0.0201653  0.00955806  -0.056155  
0.000742595  -7.87884e-06  -0.00135583  0.0201575  0.00958159  -0.0421702  
0.000556565  0.000290218  -0.00135583  0.0201492  0.00957051  -0.0202407  
0.000815435  0.000287291  -0.00135583  0.0201487  0.0583454  -0.0321517  
0.000949311  0.000149977  -0.00135583  0.025021  0.0122759  -0.0583262  
0.000483399  0.000207245  -0.00152612  0.0201433  0.0309901  -0.0248626  
0.000194872  0.000468209  -0.00102647  0.0130804  0.0122637  0.0534475  
0.000614487  0.000530138  -0.000853482  0.0200975  0.00705581  0.0214147  
0.00081002  0.000583483  -0.000794754  0.0106528  0.0594504  -0.00362306  
0.000894317  0.000455809  -0.00100508  0.0249619  0.122325  -0.00204704  
0.000687677  0.000259205  -0.00121837  0.0344636  0.112186  -0.000417796  
0.000687677  -0.000156325  -0.00135583  0.0349388  0.0510311  -0.0146276  
0.00039573  0.000466981  -0.00116983  0.0352792  0.0428325  0.0273021  
0.000335732  0.000656389  -0.00135582  0.0316931  0.0225896  0.0273022  
0.000621957  0.00055341  -0.00109754  0.0348424  0.075277  -0.0182704  
0.000445032  0.000474688  -0.00120164  0.0473987  0.0959158  -0.00427753  
0.000339318  0.000773145  -0.00135582  0.0469277  0.077395  0.0213549  
0.000400698  0.000893563  -0.0010572  0.0533401  0.0199993  0.0284112  
0.000687677  0.000624111  -0.00135582  0.0638201  0.0200323  -0.0253499  
0.000517387  0.000474688  -0.00154211  0.0560435  0.075519  -0.020882  
0.000438594  0.000899911  -0.00176716  0.0638026  0.0647404  0.0225642  
0.000687677  0.0007108  -0.00160889  0.0511639  0.029162  0.0267195  
0.000687677  0.000393842  -0.00175701  0.0467185  0.0291712  -0.0187186  
0.000394636  0.000474688  -0.00175701  0.0467323  0.116715  -0.00837692  
-2.28814e-05  0.00105226  -0.00175701  0.0596005  0.0753959  0.0393274  
0.000384118  0.000662713  -0.00175701  0.0509821  0.0431466  -0.00920475  
0.000674053  4.6353e-05  -0.00175701  0.030421  0.0889583  -0.0186958  
0.000555823  0.000392583  -0.00193906  0.0349965  0.055457  0.013088  
0.000357538  0.000587455  -0.00175701  0.0368102  0.0356877  0.00312655  
0.000433175  0.000384245  -0.00175701  0.0315929  0.0159066  -0.0269382  
0.000112542  0.00074572  -0.00159339  0.0297997  0.0619244  0.0858491  
0.000461124  0.00122627  -0.00125131  0.0194177  0.0330235  0.18354  
0.00129043  0.0016557  -0.000726656  0.00548146  0.0153726  0.221443  
0.00131329  0.00209945  -0.000300309  -0.0108997  0.0817961  0.282033  
0.00214408  0.00171559  -0.000300309  -0.0362538  0.0612836  0.267053  
0.0020159  0.00169138  -0.000496119  -0.036273  0.182446  0.238612  
0.00238307  0.00130751  -0.000741928  -0.0188904  0.19963  0.181118  
0.00174925  0.00109825  -0.000820224  0.00142987  0.213783  0.0975063  
0.00147931  0.000768368  -0.00116704  0.0180672  0.133666  0.0553601  
0.00150305  0.000408047  -0.00123114  0.00679222  0.116396  0.0626759  
0.00156665  0.000111612  -0.00107812  0.0068229  0.0812792  0.0502182  
0.00166402  -0.000312476  -0.00107672  0.00142339  0.0820191  0.0305842  
0.00156665  -0.000607834  -0.00116151  -0.000171385  0.0827771  0.0477381  
0.00220815  -0.000334685  -0.00186508  -0.0203736  0.067806  0.0391122  
0.00189515  -0.000155076  -0.00147507  -0.0128362  0.0795452  0.0275391  
0.00183251  -0.000603463  -0.00147507  -0.00457603  0.0584232  0.0477201  
0.00156665  -0.000420355  -0.00129379  -0.00569438  0.120683  0.0477413  
0.00176114  -0.000468333  -0.00128517  -0.00820403  0.131042  0.0211743  
0.00174733  -0.000337032  -0.00147507  -0.000351241  0.0797059  0.0314934  
0.00146147  -0.000496066  -0.00133477  -0.0079551  0.0902554  0.0197553  
0.00150364  -0.000653854  -0.00130986  -0.018449  0.0717485  0.00861285  
0.00148253  -0.000653854  -0.00131545  -0.0226171  0.0596534  -0.0114714  
0.00156665  -0.000821329  -0.00100169  -0.0204863  0.0412188  -0.00641693  
0.00139533  -0.000544681  -0.00123566  -0.00619619  0.0881125  0.0407774  
0.00174489  -0.000727657  -0.00147507  -0.0202161  0.024738  0.0133567  
0.00146479  -0.000466055  -0.00113764  -0.00934065  0.0494519  0.0737194  
0.00146479  -0.00029991  -0.00109438  -0.00933256  0.106468  0.0778244  
0.00166334  -0.000297335  -0.00126379  -0.00931282  0.0909766  0.0321034  
0.00161188  -0.000497718  -0.000933738  -0.00934157  0.0429641  0.0321073  
0.00146479  -0.00042878  -0.00102785  -0.00935893  0.0393669  0.0973751  
0.00119192  -8.72545e-05  -0.000631286  -0.0197705  0.0429615  0.111074  
0.000962877  1.52934e-05  -0.000585347  -0.02577  0.0104565  0.0618431  
0.00146479  -0.000158688  -0.000585347  -0.0257736  0.0814139  0.03317  
0.00161348  -0.0002443  -0.000585347  -0.025771  0.144792  0.0580496  
0.00146479  -0.000377671  -0.000585347  -0.00946456  0.0721255  0.0374925  
0.00146479  -0.000203128  -0.000687147  -0.000606057  0.0590304  0.0646074  
0.000971809  0.000308407  -0.000585347  0.0024454  0.0543807  0.102419  
0.0012388  2.32039e-05  -0.000483389  -0.00196116  0.0288181  0.0472083  
0.00144267  -1.83675e-05  -0.000531837  -0.0019688  0.0958393  0.0301112  
0.0012067  0.000157741  -0.000585347  0.00327271  0.128865  0.0568041  
0.00099088  0.000580402  -0.000657512  -0.00204249  0.0993223  0.102849  
0.00105364  0.000357483  -0.000585347  -0.00835057  0.00265206  0.0939177  
0.00137605  8.71046e-05  -0.000585347  -0.00915445  0.0851474  0.0562306  
0.00122895  0.000143219  -0.000704913  0.000659195  0.146486  0.0471436  
0.00105364  0.000126973  -0.000585347  -0.00196172  0.0821262  0.0428848  
0.00105364  0.000255833  -0.000585347  -0.00061659  0.0263042  0.0895026  
0.00121095  -0.000171675  -0.000661447  -0.00623113  0.0971656  0.0383315  
0.00105364  -0.000171675  -0.000585347  0.000416449  0.109871  0.0254182  
0.00121489  0.000183899  -0.000755637  0.00283829  0.0521963  0.0648919  
0.00105364  0.000186381  -0.000585347  0.0015123  0.0405997  0.0834677  
0.00105364  -7.41369e-05  -0.000585347  -0.00143601  0.113769  0.0256546  
0.00105364  -0.000171675  -0.00088513  -0.0071385  0.113169  0.0189991  
0.00134087  0.000118433  -0.000782703  0.00472093  0.0694683  0.0516331  
0.000998843  0.000560826  -0.000585347  -0.00240863  0.085108  0.0865105  
0.00105364  -0.000171675  -0.000992963  0.00338931  0.0795359  0.0259221  
0.00127894  -0.000171675  -0.000962863  0.0033922  0.0820406  0.0259128  
0.00111146  0.00019918  -0.000987337  -0.00344063  0.084852  0.0743901  
0.00105364  0.000223419  -0.00100896  -0.00528674  0.0694349  0.088468  
0.00143715  6.25029e-05  -0.000997045  -0.00232491  0.0694438  0.0412198  
0.00119807  0.000152053  -0.0015703  0.00338746  0.11666  0.0239509  
0.00126433  -0.000171675  -0.00135154  0.00339321  0.0990645  0.0578709  
0.00105364  -6.60244e-06  -0.000864549  -0.00207397  0.0191492  0.0551958  
0.00105364  -0.000171675  -0.000752803  -0.00403016  0.0489038  0.0850638  
0.00110833  -0.00076435  -0.00076885  -0.0135724  0.162124  0.123319  
0.00155724  -0.000262106  -0.000420033  -0.0127524  0.137352  0.181682  
0.00121791  -0.000265318  -0.00044367  -0.0355775  0.00156856  0.119997  
0.000797067  -6.03024e-05  -0.000263119  -0.0294961  0.0408943  0.0649867  
0.00140695  0.000192905  2.07046e-05  -0.0322234  0.0157938  0.0813708  
0.00158115  -3.47665e-05  -0.000101428  -0.0377379  0.0673916  0.05266  
0.00216509  -3.47665e-05  -0.000362588  -0.0295384  0.163231  0.0800393  
0.00208693  -3.47665e-05  -0.000333671  -0.0299564  0.107235  0.0402498  
0.00159778  -3.47665e-05  -0.00046906  -0.0163388  0.107209  0.0510867  
0.00124871  7.99297e-05  -0.000180381  -0.0147773  0.0745168  0.0885008  
0.00139927  -3.47665e-05  -0.000180381  -0.0163091  0.0745232  0.0567323  
0.00155534  -0.000227544  -0.000656913  -0.00583081  0.131287  0.0229989  
0.00119699  -3.47665e-05  -0.000501199  0.00496645  0.134536  0.0404388  
0.00132673  -3.47665e-05  -0.000346801  0.00497897  0.100658  0.0669867  
0.00132673  -0.000199173  -0.000544111  0.00496149  0.100495  -0.00615487  
0.00193251  -0.000320283  -0.000703369  0.00496288  0.0964487  -0.0164183  
0.00128174  -3.47665e-05  -0.000950363  0.004962  0.0607506  0.0213037  
0.00146072  -3.47665e-05  -0.00101396  -0.00883959  0.0427999  0.00802978  
0.00154672  -0.000456629  -0.000703369  -0.0143941  0.0772785  -0.0127463  
0.00128326  -0.000249446  -0.000916722  -0.0155958  0.0971113  0.0244753  
0.00144047  -0.00045663  -0.000703369  -0.0144579  0.0385455  0.0116085  
0.00110944  -0.00045663  -0.000818183  -0.0134532  0.0385541  -0.00987999  
0.00154851  -0.00045663  -0.000703369  -0.013002  0.00781182  -0.00561703  
0.0014323  -0.000886545  -0.000703369  -0.0129305  0.0855807  0.0234382  
0.00173961  -0.000716298  -0.00114906  -0.0332431  0.0855756  0.0395753  
0.00192079  -0.000886546  -0.0010982  -0.0208095  0.0568705  0.052713  
0.00168956  -0.000605193  -0.00102334  -0.0182124  0.110338  0.0434399  
0.0018501  -0.00038165  -0.00100857  -0.0202554  0.0817628  -0.015558  
0.00139839  -0.00062284  -0.000703369  -0.0129306  0.0550245  0.0221739  
0.00144171  -0.000541403  -0.000638174  -0.0129278  0.0548232  0.0253298  
0.00138991  -0.000726037  -0.00070337  -0.0129194  0.0794802  -0.0297955  
0.00152167  -0.000615723  -0.00070337  -0.0195004  0.0750531  -0.0210006  
0.00119657  -0.000417654  -0.000352349  -0.0129753  0.0265225  0.0811183  
0.000744817  -1.93278e-05  -7.71095e-05  -0.0160498  0.0704319  0.11939  
0.0012702  0.000320455  -7.02639e-05  -0.013008  0.0429091  0.115354  
0.00170185  -0.000192973  -4.30008e-05  -0.0192806  0.142881  0.0545342  
0.00184686  -0.000192973  -0.000311023  -0.0129581  0.180465  0.0887455  
0.002006  -0.000290654  -0.000428963  -0.0129818  0.137556  0.0610478  
0.00175567  -0.000192973  -0.000328993  -0.0130032  0.0426164  0.0769724  
0.00129959  0.000245302  -2.2791e-05  -0.0130791  0.0424809  0.153194  
0.0011289  0.000445423  0.000105897  -0.0130873  0.0424593  0.170524  
0.00126744  0.000457536  0.000207111  0.00167436  0.0914229  0.104819  
0.000872276  0.000206729  -9.761e-05  0.00889249  0.199729  0.0879022  
0.00106325  0.000376624  -0.000154988  0.00917998  0.162574  0.112081  
0.000762813  0.000817893  3.73028e-05  0.00851638  0.0450805  0.185692  
0.000793643  0.000861106  0.000228157  0.00575118  0.121763  0.192527  
0.00120884  0.000541084  0.000126137  0.0050885  0.170968  0.141697  
0.00134941  0.000674823  6.96436e-05  0.00822481  0.178218  0.141682  
0.00118893  0.000765459  0.000140802  0.0109181  0.128069  0.141691  
0.000818643  0.0012805  0.000280594  0.0113214  0.0974394  0.186202  
0.0011923  0.000841446  0  0.0183469  0.117043  0.143855  
