-8.096559999999999608e-04 -1.105109999999999995e-04 -8.515849999999999722e-04 3.854119999999999768e-02 1.098510000000000042e-01 -1.499580000000000080e-01
-8.748760000000000174e-04 -1.105109999999999995e-04 -8.515849999999999722e-04 3.818379999999999691e-02 7.169240000000000335e-02 -1.584069999999999923e-01
-1.062470000000000038e-03 1.549020000000000019e-04 -8.515849999999999722e-04 4.112509999999999777e-02 4.022081016089274624e-02 -1.494743101608927427e-01
-1.247419999999999952e-03 1.458680000000000068e-04 -8.515849999999999722e-04 3.570910000000000056e-02 6.252075299982799705e-02 -1.557373529998279937e-01
-1.084619999999999898e-03 -1.105109999999999995e-04 -9.156799999999999879e-04 2.394189999999999860e-02 1.054691645909961589e-02 -1.135777164590996147e-01
-6.725540000000000121e-04 -9.364219999999999597e-05 -8.515859999999999879e-04 3.087190000000000073e-02 -4.720593397260666735e-02 -4.525286602739332642e-02
-1.208630000000000034e-03 4.371150000000000187e-04 -8.515859999999999879e-04 3.749179999999999874e-02 -6.743162975272495863e-02 3.054432975272496076e-02
-9.763169999999999835e-04 6.854839999999999848e-04 -6.961170000000000031e-04 2.671010000000000051e-02 -6.413480000000000569e-02 9.663541999999999965e-02
-7.733290000000000086e-04 6.216849999999999677e-04 -6.348779999999999615e-04 2.003049999999999969e-02 -8.989916385961410628e-02 1.067954438596141059e-01
-6.394400000000000171e-04 8.884540000000000015e-04 -4.070209999999999779e-04 2.757120000000000057e-02 -4.686600684601330280e-02 5.705741784601330024e-02
-2.792970000000000196e-04 8.884540000000000015e-04 -5.113890000000000059e-04 3.819109999999999866e-02 9.573888002947457398e-02 1.928541997052542201e-02
1.621019999999999872e-04 8.333190000000000085e-04 -8.515859999999999879e-04 3.817899999999999766e-02 5.973954381146158454e-02 -1.983754381146158458e-02
-3.291100000000000254e-04 3.143919999999999809e-04 -8.515859999999999879e-04 3.814850000000000185e-02 7.495445253141930220e-02 -6.575285253141931185e-02
9.846189999999999999e-05 5.052400000000000077e-04 -8.515859999999999879e-04 3.817890000000000172e-02 2.464965664500164480e-03 -7.014356566450016817e-02
-5.460820000000000344e-04 5.052400000000000077e-04 -8.515859999999999879e-04 3.817890000000000172e-02 2.841289332204880586e-02 -8.031969332204880185e-02
-9.891039999999999815e-04 1.044929999999999904e-03 -6.682500000000000072e-04 4.813280000000000336e-02 6.716891577464169372e-03 -5.065779157746416739e-02
-1.231289999999999902e-03 1.428519999999999963e-03 -6.133170000000000505e-04 4.815830000000000111e-02 4.847213329063694218e-03 -1.352761332906369379e-02
-9.850440000000000237e-04 1.197839999999999929e-03 -4.724840000000000116e-04 5.300749999999999906e-02 7.251768437774400167e-02 -8.265538437774400116e-02
-1.183510000000000031e-03 1.410350000000000102e-03 -5.781249999999999714e-04 5.367419999999999830e-02 8.936406399503458997e-02 -9.026266399503458937e-02
-1.253659999999999974e-03 1.494689999999999908e-03 -5.507310000000000504e-04 6.548080000000000567e-02 5.483284429818263001e-02 -4.806774429818262695e-02
-1.311480000000000068e-03 1.494689999999999908e-03 -5.437979999999999594e-04 6.279260000000000397e-02 3.461158899236307235e-02 -3.766538899236307469e-02
-1.122979999999999985e-03 1.494689999999999908e-03 -8.515859999999999879e-04 5.926529999999999992e-02 4.839839202000165846e-02 -7.351129202000165896e-02
-1.057470000000000025e-03 1.494689999999999908e-03 -8.515859999999999879e-04 7.879919999999999980e-02 5.736164152079571005e-02 -5.543534152079571120e-02
-1.112989999999999900e-03 1.816660000000000106e-03 -5.733869999999999635e-04 7.153180000000000649e-02 4.343491386549255123e-02 -3.181771386549255010e-02
-1.076270000000000048e-03 1.494689999999999908e-03 -5.780870000000000236e-04 6.353060000000000651e-02 -2.952369681480442390e-02 -3.239870318519557507e-02
-8.089230000000000205e-04 1.494689999999999908e-03 -6.686440000000000309e-04 6.294230000000000658e-02 5.235494324979876601e-02 -6.792514324979875839e-02
-8.638359999999999875e-04 1.494689999999999908e-03 -8.515859999999999879e-04 7.145450000000000412e-02 7.357991679895992121e-02 -5.342071679895991909e-02
-8.638359999999999875e-04 1.814150000000000051e-03 -8.515859999999999879e-04 7.292600000000000471e-02 3.705219733702094093e-02 -3.493699733702093635e-02
-1.173620000000000002e-03 1.772930000000000035e-03 -8.515859999999999879e-04 6.636859999999999982e-02 5.513891411997626051e-03 -1.037477141199762663e-02
-8.638359999999999875e-04 1.494689999999999908e-03 -8.515859999999999879e-04 7.127269999999999439e-02 3.707651717881528530e-02 -6.698171717881527820e-02
-8.638359999999999875e-04 1.800200000000000064e-03 -8.515859999999999879e-04 6.767560000000000242e-02 8.789201460405425548e-02 -5.904281460405425008e-02
-8.638359999999999875e-04 1.905989999999999985e-03 -8.515859999999999879e-04 6.881510000000000404e-02 3.582674237741391432e-02 -2.480994237741391412e-02
-1.063109999999999923e-03 1.907410000000000008e-03 -8.515859999999999879e-04 6.588270000000000237e-02 2.736409999999999884e-02 -3.275360000000000077e-02
-7.403410000000000459e-04 1.494689999999999908e-03 -8.515859999999999879e-04 5.955429999999999752e-02 4.625150000000000095e-02 -9.477729999999999488e-02
-6.845329999999999731e-04 1.494689999999999908e-03 -8.515859999999999879e-04 6.115580000000000321e-02 4.235169999999999907e-02 -8.354079999999999839e-02
-1.081280000000000002e-03 1.494689999999999908e-03 -9.493140000000000389e-04 5.654549999999999854e-02 6.263770000000000449e-02 -4.832539999999999752e-02
-8.637609999999999993e-04 1.867530000000000058e-03 -8.515859999999999879e-04 6.313109999999999555e-02 -1.477430000000000063e-02 -8.726140000000000285e-02
-1.031709999999999919e-03 1.494689999999999908e-03 -8.515859999999999879e-04 6.507530000000000259e-02 6.141730000000000106e-02 -9.994619999999999893e-02
-6.831250000000000299e-04 1.856479999999999979e-03 -1.055890000000000084e-03 6.241320000000000201e-02 3.217880000000000046e-02 -5.158009999999999678e-02
-8.814190000000000393e-04 2.095479999999999825e-03 -9.617020000000000429e-04 6.244229999999999919e-02 2.878620000000000137e-02 -5.506470000000000115e-02
-7.497829999999999599e-04 2.009159999999999852e-03 -8.515870000000000037e-04 6.144619999999999943e-02 7.852049999999999308e-03 -9.382880000000000387e-02
-1.031709999999999919e-03 1.494689999999999908e-03 -8.515870000000000037e-04 5.749989999999999962e-02 2.642620000000000038e-02 -1.178590000000000054e-01
-1.031709999999999919e-03 1.720509999999999965e-03 -8.515870000000000037e-04 6.335409999999999653e-02 2.052421016089274811e-02 -2.708141016089275072e-02
-9.025189999999999558e-04 1.829169999999999971e-03 -8.515870000000000037e-04 7.088039999999999619e-02 -4.228004700017199552e-02 -4.088045299982800279e-02
-8.966570000000000313e-04 1.691210000000000066e-03 -8.515870000000000037e-04 6.340769999999999740e-02 2.231981645909961870e-02 -6.073871645909962452e-02
-1.031709999999999919e-03 1.692530000000000033e-03 -8.515870000000000037e-04 6.756950000000000456e-02 -3.732003397260667127e-02 -1.924186602739333396e-02
-1.317379999999999940e-03 1.978849999999999880e-03 -6.812959999999999633e-04 7.150009999999999699e-02 -1.142053297527249600e-01 7.372412975272496505e-02
-1.130139999999999964e-03 1.710769999999999912e-03 -7.166779999999999982e-04 6.999270000000000491e-02 -1.082150300000000037e-01 1.605810000000000570e-02
-1.184209999999999994e-03 1.494689999999999908e-03 -8.515870000000000037e-04 7.589100000000000013e-02 1.081545614038589842e-02 4.268474385961409934e-02
-7.634299999999999463e-04 1.494689999999999908e-03 -1.052889999999999902e-03 6.254469999999999474e-02 -3.994510684601330214e-02 5.784733984601330564e-02
-1.031709999999999919e-03 1.494689999999999908e-03 -8.515870000000000037e-04 3.828709999999999752e-02 -4.290821997052542136e-02 6.221919970525419813e-03
-9.851149999999999490e-04 1.494679999999999967e-03 -8.515870000000000037e-04 3.828709999999999752e-02 -2.144795618853841818e-02 -8.071924381146158844e-02
-8.664610000000000107e-04 1.494679999999999967e-03 -8.515870000000000037e-04 5.464680000000000232e-02 1.078201525314193138e-01 -9.589685253141930210e-02
-9.592589999999999581e-04 1.494679999999999967e-03 -8.515870000000000037e-04 6.041110000000000230e-02 8.651796566450016546e-02 -1.147532656645001703e-01
-1.289360000000000029e-03 1.841380000000000100e-03 -7.486380000000000378e-04 6.430239999999999567e-02 1.581013332204880481e-02 -6.980449332204879953e-02
-1.079780000000000019e-03 1.494679999999999967e-03 -5.956050000000000276e-04 5.501829999999999915e-02 6.036291577464169417e-03 -1.002025915774641673e-01
-1.016919999999999933e-03 1.494679999999999967e-03 -8.515870000000000037e-04 5.374600000000000211e-02 8.043131332906369724e-02 -1.308924133290636782e-01
-1.123719999999999927e-03 1.494689999999999908e-03 -8.515880000000000194e-04 5.304989999999999706e-02 8.290308437774400463e-02 -1.327903843777439863e-01
-1.232269999999999937e-03 1.795890000000000073e-03 -8.515870000000000037e-04 5.785749999999999921e-02 7.209016399503459516e-02 -6.432936399503459690e-02
-1.232269999999999937e-03 1.490620000000000009e-03 -3.690850000000000077e-04 4.904850000000000182e-02 2.504814298182630669e-03 -2.113444429818263012e-02
-9.818150000000000314e-04 1.547980000000000016e-03 -4.271090000000000064e-04 4.637909999999999949e-02 1.728128899236307248e-02 -4.596968899236307526e-02
-4.947019999999999673e-04 1.393429999999999972e-03 -5.603659999999999674e-04 4.912770000000000331e-02 6.355059202000165608e-02 -5.461079202000165833e-02
-7.184700000000000244e-04 1.225909999999999977e-03 -9.529319999999999761e-04 4.822270000000000029e-02 9.345414152079571657e-02 -4.221564152079571031e-02
-6.169559999999999931e-04 1.383120000000000053e-03 -1.030719999999999944e-03 4.958339999999999970e-02 3.068881386549255491e-02 -5.468221386549255297e-02
-8.666830000000000367e-04 1.383120000000000053e-03 -8.515880000000000194e-04 5.331400000000000028e-02 3.433250318519557448e-02 -4.942610318519557316e-02
-1.058169999999999987e-03 1.383120000000000053e-03 -8.515880000000000194e-04 6.374280000000000224e-02 2.977254324979876354e-02 -3.520524324979876218e-02
-1.005859999999999914e-03 1.578420000000000083e-03 -5.418110000000000070e-04 7.115979999999999528e-02 4.315951679895991405e-02 -1.040344167989599167e-01
-1.211559999999999981e-03 1.329780000000000025e-03 -8.515880000000000194e-04 7.990479999999999805e-02 4.715199733702093998e-02 -1.126455973370209390e-01
-1.211559999999999981e-03 1.216480000000000035e-03 -8.515880000000000194e-04 6.576709999999999501e-02 9.790621411997626339e-03 -7.310157141199762065e-02
-1.211559999999999981e-03 1.166860000000000033e-03 -7.312829999999999981e-04 5.396569999999999839e-02 9.422487178815285719e-03 -1.185232171788152822e-01
-1.098500000000000084e-03 1.004979999999999936e-03 -1.101589999999999948e-03 5.520200000000000107e-02 3.440551460405424922e-02 -1.501461146040542483e-01
-8.501210000000000147e-04 1.164220000000000099e-03 -8.515880000000000194e-04 7.197309999999999819e-02 -8.149727622586085823e-03 -9.135604237741391798e-02
-1.053820000000000017e-03 9.909969999999999717e-04 -8.515880000000000194e-04 7.345989999999999465e-02 2.716090000000000171e-02 -1.178150000000000031e-01
-1.077569999999999917e-03 7.968909999999999839e-04 -8.515890000000000352e-04 6.028979999999999756e-02 7.946549999999999447e-02 -1.428250000000000075e-01
-8.628239999999999911e-04 7.903569999999999953e-04 -8.515890000000000352e-04 6.234809999999999658e-02 4.577719999999999706e-02 -8.458569999999999978e-02
-7.617470000000000100e-04 1.050060000000000012e-03 -8.515890000000000352e-04 6.552030000000000354e-02 -2.195309999999999959e-04 -1.017030000000000017e-01
-1.412760000000000101e-03 -4.724829999999999959e-04 -4.615590000000000036e-04 4.925559999999999661e-02 2.834930000000000089e-02 -1.453490000000000060e-01
-1.395790000000000051e-03 1.935530000000000085e-04 -7.041960000000000320e-04 4.177390000000000270e-02 2.835410000000000014e-02 -9.110250000000000292e-02
-1.279669999999999896e-03 8.305829999999999724e-04 -6.136050000000000315e-04 5.281290000000000290e-02 -1.417479999999999955e-02 1.249590000000000076e-02
-8.968150000000000253e-04 1.091310000000000066e-03 -5.206819999999999591e-04 3.823100000000000109e-02 -2.091859999999999900e-02 1.988869999999999874e-02
-7.395379999999999792e-04 1.100169999999999924e-03 -5.350269999999999852e-04 4.697350000000000136e-02 1.138689999999999980e-01 -1.998310000000000017e-02
-5.938150000000000329e-04 1.215630000000000096e-03 -6.237130000000000235e-04 5.656329999999999691e-02 8.569229999999999903e-02 -1.996279999999999930e-02
-4.672899999999999797e-04 1.046269999999999969e-03 -5.235990000000000262e-04 5.650659999999999711e-02 4.884841016089275234e-02 -4.106581016089275171e-02
-9.586399999999999696e-04 1.154080000000000036e-03 -4.727259999999999730e-04 5.649210000000000342e-02 -4.775757000171998098e-03 6.416467000171998183e-03
-7.439359999999999463e-04 1.048579999999999911e-03 -4.519020000000000111e-04 5.981430000000000080e-02 -6.954983540900384897e-03 3.568730354090038359e-02
-9.849369999999999653e-04 8.807160000000000292e-04 -8.515890000000000352e-04 5.759469999999999867e-02 -3.724893397260666678e-02 5.225333972606674426e-03
-1.209800000000000025e-03 9.748499999999999787e-04 -6.202959999999999984e-04 6.923640000000000350e-02 2.472070247275040544e-03 4.436902975272495608e-02
-1.231059999999999967e-03 1.268809999999999990e-03 -4.468720000000000136e-04 7.365589999999999637e-02 -7.222760000000000291e-02 1.060059500000000016e-01
-9.880719999999999954e-04 6.475619999999999640e-04 -3.223540000000000108e-04 6.718280000000000085e-02 -5.502164385961409721e-02 3.908244385961410355e-02
-1.089410000000000074e-03 6.475619999999999640e-04 -3.556139999999999735e-04 6.574929999999999664e-02 3.732793153986696533e-03 1.473506846013300509e-03
-9.880719999999999954e-04 6.475619999999999640e-04 -6.499610000000000066e-04 6.400720000000000021e-02 2.269908002947457898e-02 5.884601997052542333e-02
-7.422620000000000433e-04 1.167239999999999944e-03 -5.179930000000000125e-04 7.363210000000000588e-02 -9.598537188538416517e-03 5.498895618853841954e-02
-5.068759999999999629e-04 1.146560000000000027e-03 -5.923060000000000174e-04 7.361489999999999700e-02 7.361535253141930635e-02 3.885527468580687871e-03
-3.441420000000000264e-04 1.031849999999999955e-03 -7.057460000000000426e-04 6.133600000000000163e-02 6.681496566450016716e-02 -1.097393566450016560e-02
-7.211710000000000516e-04 8.896639999999999713e-04 -7.522650000000000083e-04 6.235070000000000195e-02 2.275488332204880434e-02 -1.858182332204880507e-02
-6.455560000000000378e-04 6.952609999999999693e-04 -7.330830000000000419e-04 4.587959999999999955e-02 3.216949157746416821e-02 -1.127467915774641727e-01
-9.336719999999999742e-04 8.973149999999999833e-04 -8.515890000000000352e-04 5.274290000000000228e-02 7.858311332906368907e-02 -7.663591332906369291e-02
-1.166930000000000051e-03 8.937069999999999867e-04 -6.678569999999999993e-04 6.629640000000000533e-02 3.002848437774400386e-02 -7.156708437774400577e-02
-1.391869999999999913e-03 3.655530000000000151e-04 -7.433259999999999911e-04 4.450579999999999814e-02 8.834666399503458833e-02 -1.544289639950346127e-01
-9.910170000000000697e-04 3.655530000000000151e-04 -8.515890000000000352e-04 3.751550000000000024e-02 5.857774429818263240e-02 -1.551758442981826247e-01
-1.315259999999999953e-03 3.655530000000000151e-04 -5.090099999999999529e-04 4.513829999999999926e-02 3.068768899236307135e-02 -9.302668899236307687e-02
-5.286110000000000114e-04 7.482329999999999494e-04 -8.515890000000000352e-04 4.534309999999999730e-02 2.555709202000165658e-02 -1.318876920200016400e-01
-8.081310000000000186e-04 5.614459999999999503e-04 -5.937450000000000149e-04 4.579960000000000281e-02 1.763544152079571034e-02 -1.291603415207956962e-01
-1.714999999999999945e-03 -1.653729999999999903e-04 -8.515890000000000352e-04 2.396219999999999947e-02 2.364311386549255295e-02 -1.904340138654925518e-01
-3.587470000000000264e-04 -4.818600000000000248e-04 -8.515890000000000352e-04 1.442180000000000024e-02 -2.072109681480442320e-02 -1.658935031851955788e-01
-6.087240000000000489e-04 -3.826260000000000056e-04 -9.453470000000000276e-04 2.391880000000000048e-02 6.924652497987643200e-04 -1.476291432497987832e-01
-6.087240000000000489e-04 6.123759999999999794e-05 -6.148150000000000013e-04 2.398760000000000128e-02 -2.127268320104008445e-02 -5.301211679895991707e-02
-6.087240000000000489e-04 1.210440000000000019e-04 -4.029160000000000163e-04 2.398789999999999950e-02 -2.141850266297906646e-02 -7.483047337020935948e-03
-3.800589999999999741e-04 3.786419999999999977e-04 -4.029160000000000163e-04 2.400209999999999844e-02 1.570121411997625746e-03 -2.682517141199762534e-02
-6.087240000000000489e-04 6.429499999999999885e-04 -4.029160000000000163e-04 2.403220000000000009e-02 9.090941717881528827e-02 -6.686331717881528747e-02
-1.894560000000000102e-04 4.930709999999999824e-04 -4.029160000000000163e-04 2.814480000000000107e-02 4.527301460405425138e-02 -8.968961460405425190e-02
-4.611920000000000255e-04 2.492249999999999999e-04 -4.029160000000000163e-04 3.762689999999999785e-02 -1.461587622586086070e-03 -1.476719423774139339e-01
-8.265660000000000411e-04 1.210440000000000019e-04 -4.029160000000000163e-04 2.874109999999999859e-02 2.538809999999999852e-03 -5.863140000000000018e-02
-9.512880000000000034e-04 3.946129999999999842e-04 -1.720779999999999879e-04 2.194739999999999885e-02 -1.656849999999999989e-02 -1.024279999999999982e-02
-6.395969999999999954e-04 3.391409999999999976e-04 -8.496439999999999581e-05 2.397730000000000000e-02 -1.657640000000000155e-02 -4.508539999999999770e-02
-3.958629999999999875e-04 6.098600000000000462e-04 -1.899129999999999959e-04 2.401079999999999881e-02 6.881210000000000104e-02 -4.995959999999999984e-02
-2.328040000000000025e-04 5.764880000000000004e-04 -2.830800000000000070e-04 3.677860000000000157e-02 7.456500000000000627e-02 -4.994900000000000034e-02
-6.176130000000000378e-04 5.906079999999999533e-04 -2.536589999999999917e-04 3.589500000000000329e-02 4.041619999999999935e-02 -2.639939999999999995e-02
-6.106040000000000512e-04 1.210440000000000019e-04 -1.293570000000000017e-04 2.396780000000000091e-02 1.045120000000000077e-02 1.565230000000000093e-02
-2.415870000000000029e-04 1.210440000000000019e-04 -4.029160000000000163e-04 2.398789999999999950e-02 6.389690000000000647e-02 -3.792039999999999994e-02
-3.958629999999999875e-04 5.249869999999999797e-04 -2.608250000000000108e-04 1.965609999999999927e-02 1.138789999999999941e-01 -5.538320000000000048e-02
-7.304829999999999787e-04 5.249869999999999797e-04 -1.857259999999999901e-04 2.401029999999999831e-02 6.346889999999999477e-02 -5.531869999999999843e-02
-7.643780000000000192e-04 5.249869999999999797e-04 -1.306419999999999869e-04 2.401379999999999834e-02 5.949941016089275309e-02 -1.791221016089274837e-02
-5.888269999999999919e-04 5.249869999999999797e-04 -1.167550000000000028e-04 3.298430000000000112e-02 6.924952999828003219e-03 -4.289515299982800400e-02
-5.881000000000000377e-04 1.083849999999999918e-03 -4.029160000000000163e-04 3.961549999999999794e-02 7.720616459099619022e-03 -2.875041645909961335e-02
-6.625160000000000380e-04 6.069320000000000227e-04 -2.338580000000000097e-04 3.877970000000000028e-02 1.078136602739332428e-02 1.029483397260666511e-02
-3.083009999999999744e-04 4.339999999999999782e-04 -4.029160000000000163e-04 2.398060000000000122e-02 -7.222972975272495821e-02 1.111093297527249585e-01
-1.891399999999999950e-04 1.826820000000000104e-04 -4.029160000000000163e-04 2.627900000000000028e-02 -6.210950000000000498e-02 1.096843499999999999e-01
-2.161730000000000053e-04 2.150470000000000029e-04 -5.256380000000000384e-04 2.975550000000000070e-02 -1.434324385961410764e-02 1.001033438596140995e-01
-6.625160000000000380e-04 2.256629999999999975e-04 -5.108649999999999953e-04 2.399130000000000013e-02 1.516769315398669438e-02 2.449400684601330674e-02
-7.983489999999999554e-04 -1.195149999999999967e-04 -4.029160000000000163e-04 2.398039999999999894e-02 -3.668006997052541962e-02 2.208261997052542169e-02
-5.195409999999999915e-04 1.325979999999999932e-04 -3.435110000000000116e-04 2.064320000000000044e-02 1.774943811461583004e-03 -4.776974381146158188e-02
-6.788760000000000237e-04 8.383859999999999381e-05 -5.154359999999999758e-04 3.515830000000000344e-02 1.567601525314193112e-01 -1.325461525314192979e-01
-8.446120000000000103e-04 -1.053179999999999969e-05 -4.029160000000000163e-04 3.234900000000000275e-02 1.733115566450016409e-02 -1.414992656645001623e-01
-8.446120000000000103e-04 1.725899999999999993e-04 -4.029160000000000163e-04 3.798320000000000168e-02 5.659509332204880339e-02 -1.029325933220488071e-01
-6.322920000000000103e-04 -1.195149999999999967e-04 -4.029160000000000163e-04 2.568799999999999903e-02 7.141219157746417356e-02 -1.540783915774641688e-01
-7.916130000000000388e-04 -1.195149999999999967e-04 -4.029160000000000163e-04 2.615340000000000026e-02 3.517811332906368993e-02 -1.551404133290636977e-01
-6.667650000000000443e-04 -1.195149999999999967e-04 -4.029160000000000163e-04 3.634210000000000218e-02 -2.167801562225599860e-02 -1.071388843777440064e-01
-8.446120000000000103e-04 -1.195149999999999967e-04 -5.196439999999999870e-04 2.803040000000000045e-02 9.894779995034595765e-03 -1.414709639950346154e-01
-8.446120000000000103e-04 1.186739999999999957e-04 -5.301420000000000481e-04 3.095300000000000135e-02 3.562904429818262997e-02 -6.884034429818262912e-02
-4.615390000000000139e-04 3.412639999999999771e-04 -4.029160000000000163e-04 3.126179999999999931e-02 -2.120981100763692784e-02 -1.721268992363071682e-03
-1.631400000000000135e-04 3.413800000000000146e-04 -4.029160000000000163e-04 3.306259999999999755e-02 2.319999202000165572e-02 -7.983919202000167026e-02
-2.685259999999999969e-04 3.117030000000000207e-05 -7.484040000000000397e-04 4.439139999999999753e-02 6.213474152079570545e-02 -9.882744152079571409e-02
-3.447670000000000145e-05 -2.280930000000000132e-04 -6.915870000000000177e-04 2.479759999999999950e-02 -1.274988613450744705e-02 -1.046330138654925634e-01
-4.580990000000000062e-04 1.080400000000000024e-04 -6.199680000000000381e-04 3.973079999999999667e-02 -9.813896814804424357e-03 -4.833970318519557191e-02
-7.736239999999999914e-04 1.961789999999999931e-04 -6.535630000000000172e-04 4.439219999999999972e-02 2.097554324979876428e-02 -4.693614324979876462e-02
-4.878269999999999764e-04 -4.154000000000000140e-04 -7.944309999999999566e-04 1.054659999999999972e-02 1.589961679895991742e-02 -1.591364167989599288e-01
-4.226960000000000201e-04 -6.443490000000000068e-04 -7.877280000000000176e-04 3.797210000000000082e-03 6.046197337020936015e-03 -1.300435973370209219e-01
-1.022069999999999923e-03 -2.201300000000000083e-05 -4.029160000000000163e-04 1.394890000000000019e-02 5.946601411997625396e-03 -2.490667141199762527e-02
-8.789089999999999837e-04 3.054660000000000057e-04 -4.029160000000000163e-04 1.697459999999999941e-02 -2.670998282118471762e-02 2.275488282118471803e-02
-3.953140000000000169e-04 9.713370000000000142e-05 -1.257279999999999997e-04 -2.240900000000000042e-04 -4.141348539594574829e-02 3.074508539594574333e-02
1.820049999999999964e-05 1.150289999999999993e-04 -1.748409999999999884e-04 -1.978660000000000141e-02 1.154594237741391437e-02 1.198795762258608559e-02
1.820049999999999964e-05 -1.793680000000000079e-04 1.014349999999999936e-04 -2.206239999999999937e-02 8.796790000000000165e-02 -3.035219999999999932e-02
3.333909999999999933e-04 -7.336310000000000238e-05 1.659759999999999979e-04 -1.977399999999999991e-02 3.337029999999999857e-02 -1.088400000000000062e-01
8.046260000000000174e-04 -4.154000000000000140e-04 1.881910000000000080e-05 -1.181379999999999930e-02 3.759289999999999854e-02 -1.087889999999999968e-01
7.831220000000000282e-04 -3.339509999999999744e-04 -6.271990000000000236e-05 1.004289999999999914e-03 1.097520000000000023e-01 -6.685489999999999489e-02
1.091869999999999993e-03 1.785540000000000120e-04 -4.029160000000000163e-04 1.178569999999999965e-02 2.965239999999999890e-02 -8.621579999999999522e-02
1.290970000000000008e-03 -6.010470000000000070e-05 -9.431069999999999812e-06 -3.684540000000000037e-03 -2.306329999999999839e-02 -2.759290000000000007e-02
1.449619999999999988e-03 -1.708439999999999926e-04 1.377489999999999986e-04 4.457880000000000219e-04 -5.976780000000000113e-03 -3.994439999999999796e-02
6.428000000000000120e-04 -1.447940000000000099e-04 -2.018449999999999962e-05 4.954900000000000146e-04 4.081680000000000030e-02 -1.511929999999999941e-01
5.301400000000000166e-04 -4.154000000000000140e-04 -4.029160000000000163e-04 3.405660000000000024e-03 -4.641460000000000030e-02 -1.241669999999999996e-01
6.116439999999999464e-04 -7.615439999999999579e-04 -9.430890000000000366e-04 4.829979999999999994e-04 1.792859999999999940e-02 -8.177210000000000034e-02
3.910709999999999967e-04 -5.856900000000000387e-04 -5.826800000000000252e-04 4.762430000000000005e-04 3.775391016089275215e-02 -3.467021016089275043e-02
1.900879999999999866e-04 -4.762130000000000161e-04 -6.532369999999999800e-04 4.920529999999999999e-04 -1.919772700017199907e-02 -4.831695299982800146e-02
2.531689999999999744e-04 -4.154000000000000140e-04 -6.455799999999999820e-04 4.792330000000000244e-04 -5.383683540900380260e-03 -2.510361645909962164e-02
1.416930000000000002e-04 -4.154000000000000140e-04 -4.029160000000000163e-04 5.398820000000000355e-03 -3.494513397260667203e-02 1.145643397260666385e-02
7.721330000000000153e-05 -4.154000000000000140e-04 -4.029160000000000163e-04 1.680960000000000093e-02 -6.341122975272495133e-02 5.771712975272495771e-02
0.000000000000000000e+00 -5.021669999999999780e-04 -4.029160000000000163e-04 1.680080000000000115e-02 -7.069930000000000658e-02 3.354120000000000712e-02
1.323489999999999862e-23 -4.154000000000000140e-04 -2.559460000000000055e-04 9.098770000000000815e-03 -1.650624385961410590e-02 1.632504385961409954e-02
-1.073060000000000057e-04 -1.365890000000000029e-04 0.000000000000000000e+00 9.860709999999999961e-03 -3.378106846013306797e-03 5.740964371301330443e-02
0.000000000000000000e+00 -0.000000000000000000e+00 0.000000000000000000e+00 0.000000000000000000e+00 -3.167011997052542049e-02 3.167011997052542049e-02
2.024849999999999968e-04 -0.000000000000000000e+00 1.634229999999999971e-04 4.320209999999999587e-06 2.414464381146157884e-02 -7.890643811461582960e-03
3.304819999999999980e-04 2.628260000000000210e-04 5.102200000000000311e-04 1.316849999999999965e-02 1.043186525314193092e-01 -9.292802531419310647e-03
6.490090000000000062e-05 6.269609999999999897e-04 4.463289999999999749e-04 2.928019999999999928e-02 1.132754656645001690e-01 -4.254945664500164523e-03
0.000000000000000000e+00 6.821750000000000340e-04 0.000000000000000000e+00 2.331110000000000126e-02 9.718119332204880334e-02 -1.439023332204880309e-02
-1.843889999999999993e-04 4.042319999999999746e-04 0.000000000000000000e+00 3.062650000000000095e-02 1.174256915774641585e-01 -6.943891577464169143e-03
-2.424179999999999955e-04 8.794999999999999650e-04 -1.410620000000000125e-04 2.704590000000000119e-02 5.584731332906368861e-02 2.015208667093630265e-02
5.662879999999999693e-04 5.680849999999999659e-04 -5.151809999999999723e-04 2.533830000000000110e-02 5.301428437774399760e-02 -3.405618437774399904e-02
-1.223019999999999956e-04 2.567359999999999759e-04 -4.379149999999999840e-04 2.547479999999999883e-02 8.231526399503459601e-02 -1.058757499503459702e-02
-5.129079999999999620e-04 4.747199999999999814e-04 -4.066419999999999735e-04 3.659489999999999965e-02 9.978304429818263266e-02 2.468255570181736996e-02
-3.999219999999999837e-04 4.747199999999999814e-04 -5.151809999999999723e-04 3.394640000000000157e-02 6.100058899236307508e-02 1.273311100763692763e-02
-2.791650000000000013e-04 2.946199999999999947e-04 -8.168189999999999869e-04 3.583270000000000205e-02 3.481879202000165430e-02 -2.023139202000166087e-02
-5.129079999999999620e-04 5.433939999999999951e-04 -1.051030000000000107e-03 3.110299999999999870e-02 6.130174152079571198e-02 1.408005847920428683e-02
-2.068930000000000129e-04 3.698439999999999779e-04 -1.246389999999999998e-03 3.191259999999999930e-02 2.525001386549255433e-02 7.490626134507447076e-03
-3.511529999999999903e-04 2.195929999999999963e-04 -1.160159999999999924e-03 3.341600000000000126e-02 7.418590318519557858e-02 -1.034354318519557607e-02
-5.129079999999999620e-04 4.497890000000000265e-04 -1.147320000000000067e-03 3.392669999999999714e-02 5.198844324979876724e-02 6.572756750201236113e-03
-6.390449999999999776e-04 1.049570000000000049e-04 -7.504760000000000294e-04 2.175070000000000128e-02 4.926711679895991874e-02 5.287148320104008425e-02
-9.267919999999999587e-04 5.114890000000000083e-05 -5.041050000000000262e-04 9.667250000000000495e-03 4.682319733702093589e-02 7.942530266297906372e-02
-3.781780000000000102e-04 5.114890000000000083e-05 -3.388919999999999801e-04 1.217790000000000018e-02 2.159707141199762592e-02 1.117572285880023830e-01
-5.541030000000000174e-04 2.522329999999999820e-04 -3.490790000000000234e-04 2.018290000000000015e-02 1.084482171788152816e-01 3.580268282118471979e-02
2.512859999999999790e-04 5.103150000000000091e-04 -7.968730000000000258e-04 2.469330000000000136e-02 1.424221146040542396e-01 3.579808539594574873e-02
1.280370000000000076e-03 1.586469999999999872e-04 -9.996300000000000498e-04 2.017340000000000105e-02 4.422404237741391075e-02 9.938837622586085829e-03
1.024589999999999919e-03 4.791609999999999750e-04 -1.093959999999999941e-03 2.435319999999999846e-02 8.553589999999999804e-02 1.025500000000000023e-02
1.062339999999999942e-03 4.636640000000000249e-04 -1.121660000000000018e-03 3.235409999999999675e-02 4.217970000000000053e-02 -4.223999999999999977e-02
5.847279999999999622e-04 4.885770000000000217e-04 -1.100899999999999926e-03 2.018899999999999861e-02 2.470289999999999986e-02 -2.680559999999999887e-02
1.441760000000000101e-04 5.114890000000000083e-05 -1.472599999999999907e-03 3.361070000000000030e-02 4.227720000000000089e-02 -6.275450000000000472e-02
9.996219999999999238e-04 5.114890000000000083e-05 -1.595760000000000104e-03 2.016439999999999899e-02 1.224060000000000079e-02 -5.130400000000000238e-02
1.119599999999999892e-03 -7.963329999999999530e-05 -1.631889999999999990e-03 2.016530000000000059e-02 9.558060000000000167e-03 -5.615499999999999658e-02
7.425949999999999739e-04 -7.878839999999999260e-06 -1.355829999999999926e-03 2.015749999999999834e-02 9.581589999999999205e-03 -4.217019999999999796e-02
5.565649999999999677e-04 2.902180000000000189e-04 -1.355829999999999926e-03 2.014919999999999906e-02 9.570510000000000822e-03 -2.024070000000000036e-02
8.154349999999999880e-04 2.872910000000000112e-04 -1.355829999999999926e-03 2.014869999999999856e-02 5.834539999999999865e-02 -3.215169999999999834e-02
9.493109999999999916e-04 1.499770000000000042e-04 -1.355829999999999926e-03 2.502100000000000157e-02 1.227589999999999931e-02 -5.832620000000000166e-02
4.833990000000000248e-04 2.072449999999999987e-04 -1.526119999999999951e-03 2.014329999999999940e-02 3.051441016089274927e-02 -2.438691016089274827e-02
1.948719999999999869e-04 4.682089999999999755e-04 -1.026470000000000030e-03 1.308040000000000071e-02 1.435052999828002537e-03 6.427614700017200700e-02
6.144870000000000410e-04 5.301379999999999851e-04 -8.534820000000000254e-04 2.009750000000000078e-02 -3.428747354090037891e-02 6.275798354090038333e-02
8.100199999999999458e-04 5.834829999999999834e-04 -7.947539999999999466e-04 1.065280000000000046e-02 -1.846073397260666882e-02 7.428807397260667189e-02
8.943170000000000503e-04 4.558089999999999993e-04 -1.005079999999999993e-03 2.496189999999999867e-02 2.234707024727504432e-02 9.793088975272495889e-02
6.876770000000000365e-04 2.592049999999999823e-04 -1.218370000000000087e-03 3.446359999999999701e-02 1.218599999999998851e-02 9.958220400000000749e-02
6.876770000000000365e-04 -1.563249999999999915e-04 -1.355829999999999926e-03 3.493879999999999902e-02 -3.175144385961409937e-02 6.815494385961409773e-02
3.957300000000000075e-04 4.669809999999999933e-04 -1.169829999999999958e-03 3.527919999999999667e-02 -1.457760684601330098e-02 8.471220684601329931e-02
3.357319999999999901e-04 6.563889999999999525e-04 -1.355819999999999985e-03 3.169310000000000183e-02 -9.080519970525419149e-03 5.897231997052541919e-02
6.219570000000000220e-04 5.534099999999999480e-04 -1.097539999999999931e-03 3.484240000000000254e-02 6.500654381146157845e-02 -7.999943811461582635e-03
4.450319999999999905e-04 4.746880000000000197e-04 -1.201639999999999913e-03 4.739870000000000194e-02 1.008079525314193037e-01 -9.169682531419311514e-03
3.393180000000000198e-04 7.731450000000000388e-04 -1.355819999999999985e-03 4.692770000000000274e-02 9.124826566450017218e-02 7.501634335499834591e-03
4.006980000000000047e-04 8.935629999999999962e-04 -1.057199999999999893e-03 5.334010000000000140e-02 3.771589332204880463e-02 1.069460667795119752e-02
6.876770000000000365e-04 6.241110000000000017e-04 -1.355819999999999985e-03 6.382010000000000460e-02 3.801669157746416505e-02 -4.333429157746417071e-02
5.173870000000000118e-04 4.746880000000000197e-04 -1.542109999999999965e-03 5.604350000000000304e-02 9.163041332906370073e-02 -3.699341332906369573e-02
4.385939999999999956e-04 8.999109999999999835e-04 -1.767160000000000042e-03 6.380260000000000098e-02 7.800478437774401030e-02 9.299815622255997935e-03
6.876770000000000365e-04 7.108000000000000386e-04 -1.608889999999999973e-03 5.116389999999999827e-02 3.940596399503459857e-02 1.647553600496540205e-02
6.876770000000000365e-04 3.938419999999999877e-04 -1.757010000000000039e-03 4.671850000000000308e-02 3.668404429818263035e-02 -2.623144429818263096e-02
3.946360000000000211e-04 4.746880000000000197e-04 -1.757010000000000039e-03 4.673229999999999745e-02 1.219903889923630719e-01 -1.365230899236307208e-02
-2.288140000000000085e-05 1.052259999999999958e-03 -1.757010000000000039e-03 5.960050000000000070e-02 7.896359202000166611e-02 3.575970797999834111e-02
3.841180000000000245e-04 6.627129999999999957e-04 -1.757010000000000039e-03 5.098210000000000242e-02 4.548094152079570907e-02 -1.153909152079570996e-02
6.740529999999999786e-04 4.635300000000000157e-05 -1.757010000000000039e-03 3.042100000000000012e-02 9.044131386549256191e-02 -2.017881386549254946e-02
5.558229999999999942e-04 3.925830000000000053e-04 -1.939060000000000046e-03 3.499649999999999983e-02 5.637450318519557357e-02 1.217049681480442472e-02
3.575380000000000181e-04 5.874549999999999651e-04 -1.757010000000000039e-03 3.681020000000000125e-02 3.624184324979876776e-02 2.572406750201235506e-03
4.331749999999999988e-04 3.842450000000000184e-04 -1.757010000000000039e-03 3.159290000000000015e-02 1.623401679895991601e-02 -2.726561679895991505e-02
1.125419999999999941e-04 7.457199999999999549e-04 -1.593390000000000084e-03 2.979969999999999841e-02 6.211399733702093612e-02 8.565950266297905902e-02
4.611239999999999849e-04 1.226270000000000008e-03 -1.251310000000000052e-03 1.941769999999999954e-02 3.313127141199762038e-02 1.834322285880023717e-01
1.290429999999999962e-03 1.655699999999999967e-03 -7.266560000000000033e-04 5.481459999999999631e-03 1.543281717881528521e-02 2.213827828211847037e-01
1.313289999999999944e-03 2.099450000000000101e-03 -3.003090000000000143e-04 -1.089970000000000001e-02 8.182921460405424841e-02 2.819998853959457263e-01
2.144080000000000031e-03 1.715589999999999910e-03 -3.003090000000000143e-04 -3.625380000000000269e-02 6.130154237741391315e-02 2.670350576225860584e-01
2.015900000000000157e-03 1.691379999999999923e-03 -4.961190000000000521e-04 -3.627299999999999969e-02 1.824459999999999971e-01 2.386119999999999908e-01
2.383070000000000153e-03 1.307510000000000009e-03 -7.419279999999999885e-04 -1.889040000000000163e-02 1.996300000000000019e-01 1.811180000000000012e-01
1.749249999999999937e-03 1.098250000000000051e-03 -8.202240000000000399e-04 1.429869999999999969e-03 2.137830000000000008e-01 9.750630000000000408e-02
1.479309999999999957e-03 7.683679999999999590e-04 -1.167040000000000048e-03 1.806719999999999854e-02 1.336660000000000070e-01 5.536010000000000236e-02
1.503049999999999916e-03 4.080469999999999779e-04 -1.231139999999999925e-03 6.792219999999999855e-03 1.163959999999999995e-01 6.267590000000000661e-02
1.566649999999999944e-03 1.116120000000000014e-04 -1.078119999999999903e-03 6.822899999999999798e-03 8.127919999999999590e-02 5.021819999999999756e-02
1.664019999999999996e-03 -3.124760000000000081e-04 -1.076719999999999977e-03 1.423390000000000072e-03 8.201909999999999756e-02 3.058419999999999889e-02
1.566649999999999944e-03 -6.078340000000000218e-04 -1.161509999999999930e-03 -1.713849999999999998e-04 8.277710000000000623e-02 4.773809999999999859e-02
2.208149999999999870e-03 -3.346849999999999847e-04 -1.865080000000000080e-03 -2.037359999999999866e-02 6.780600000000000516e-02 3.911219999999999974e-02
1.895149999999999960e-03 -1.550760000000000040e-04 -1.475069999999999984e-03 -1.283620000000000073e-02 7.954519999999999647e-02 2.753910000000000038e-02
1.832510000000000085e-03 -6.034630000000000462e-04 -1.475069999999999984e-03 -4.576030000000000028e-03 5.794751016089275120e-02 4.819578983910725173e-02
1.566649999999999944e-03 -4.203550000000000233e-04 -1.293789999999999957e-03 -5.694379999999999754e-03 1.098543529998280005e-01 5.856994700017199851e-02
1.761140000000000014e-03 -4.683329999999999763e-04 -1.285169999999999976e-03 -8.204029999999999309e-03 8.969871645909960334e-02 6.251758354090038161e-02
1.747330000000000064e-03 -3.370320000000000217e-04 -1.475069999999999984e-03 -3.512410000000000206e-04 1.794766027393326913e-03 1.094045339726066601e-01
1.461470000000000087e-03 -4.960659999999999766e-04 -1.334770000000000097e-03 -7.955099999999999671e-03 -9.722529752724959340e-03 1.197332297527249623e-01
1.503640000000000098e-03 -6.538540000000000454e-04 -1.309859999999999931e-03 -1.844900000000000012e-02 -2.825149999999999884e-02 1.086128500000000108e-01
1.482529999999999916e-03 -6.538540000000000454e-04 -1.315449999999999909e-03 -2.261710000000000109e-02 -2.312914385961409997e-02 7.131114385961409563e-02
1.566649999999999944e-03 -8.213289999999999827e-04 -1.001689999999999959e-03 -2.048629999999999896e-02 -1.619130684601330361e-02 5.099317684601330225e-02
1.395329999999999964e-03 -5.446809999999999846e-04 -1.235659999999999970e-03 -6.196189999999999858e-03 5.644238002947457589e-02 7.244751997052542580e-02
1.744890000000000026e-03 -7.276570000000000434e-04 -1.475069999999999984e-03 -2.021610000000000074e-02 1.446754381146158307e-02 2.362715618853841737e-02
1.464790000000000102e-03 -4.660549999999999958e-04 -1.137640000000000092e-03 -9.340650000000000688e-03 5.434405253141931513e-02 6.882724746858069620e-02
1.464790000000000102e-03 -2.999100000000000203e-04 -1.094380000000000049e-03 -9.332560000000000161e-03 1.203212656645001599e-01 6.397113433549983519e-02
1.663339999999999914e-03 -2.973350000000000255e-04 -1.263790000000000096e-03 -9.312819999999999432e-03 1.086931933220488117e-01 1.438680667795119369e-02
1.611879999999999997e-03 -4.977179999999999669e-04 -9.337380000000000376e-04 -9.341570000000000429e-03 6.094849157746416723e-02 1.412290842253582923e-02
1.464790000000000102e-03 -4.287800000000000248e-04 -1.027850000000000074e-03 -9.358929999999999680e-03 5.547831332906369428e-02 8.126368667093630815e-02
1.191919999999999959e-03 -8.725449999999999613e-05 -6.312859999999999999e-04 -1.977049999999999988e-02 5.622588437774399955e-02 9.780961562225599926e-02
9.628770000000000037e-04 1.529340000000000167e-05 -5.853469999999999507e-04 -2.577000000000000124e-02 2.070046399503459866e-02 5.159913600496539993e-02
1.464790000000000102e-03 -1.586880000000000094e-04 -5.853469999999999507e-04 -2.577360000000000068e-02 8.892674429818263337e-02 2.565715570181736904e-02
1.613480000000000036e-03 -2.442999999999999751e-04 -5.853469999999999507e-04 -2.577099999999999877e-02 1.500673889923630766e-01 5.277421100763692724e-02
1.464790000000000102e-03 -3.776709999999999963e-04 -5.853469999999999507e-04 -9.464560000000000334e-03 7.569319202000165947e-02 3.392480797999834069e-02
1.464790000000000102e-03 -2.031280000000000108e-04 -6.871470000000000399e-04 -6.060570000000000150e-04 6.136474152079570560e-02 6.227305847920428655e-02
9.718090000000000192e-04 3.084070000000000171e-04 -5.853469999999999507e-04 2.445399999999999918e-03 5.586371386549254803e-02 1.009359861345074383e-01
1.238799999999999971e-03 2.320389999999999988e-05 -4.833889999999999758e-04 -1.961159999999999987e-03 2.973560318519557696e-02 4.629079681480442743e-02
1.442670000000000063e-03 -1.836749999999999990e-05 -5.318369999999999565e-04 -1.968800000000000151e-03 9.639344324979876033e-02 2.955705675020123616e-02
1.206700000000000004e-03 1.577410000000000064e-04 -5.853469999999999507e-04 3.272709999999999855e-03 1.291924167989599304e-01 5.647668320104008710e-02
9.908799999999999726e-04 5.804020000000000446e-04 -6.575119999999999619e-04 -2.042490000000000104e-03 9.951189733702094087e-02 1.026594026629790574e-01
1.053640000000000002e-03 3.574830000000000195e-04 -5.853469999999999507e-04 -8.350569999999999868e-03 2.759831411997625602e-03 9.380992858800238365e-02
1.376049999999999973e-03 8.710459999999999947e-05 -5.853469999999999507e-04 -9.154449999999999740e-03 8.520761717881528141e-02 5.617038282118471532e-02
1.228949999999999921e-03 1.432190000000000123e-04 -7.049130000000000456e-04 6.591950000000000066e-04 1.465191146040542569e-01 4.711048539594574897e-02
1.053640000000000002e-03 1.269730000000000056e-04 -5.853469999999999507e-04 -1.961720000000000130e-03 8.214414237741390901e-02 4.286685762258608812e-02
1.053640000000000002e-03 2.558330000000000153e-04 -5.853469999999999507e-04 -6.165899999999999766e-04 2.630419999999999980e-02 8.950260000000000160e-02
1.210949999999999917e-03 -1.716750000000000123e-04 -6.614470000000000115e-04 -6.231129999999999655e-03 9.716560000000000474e-02 3.833149999999999752e-02
1.053640000000000002e-03 -1.716750000000000123e-04 -5.853469999999999507e-04 4.164489999999999967e-04 1.098709999999999964e-01 2.541819999999999843e-02
1.214889999999999937e-03 1.838990000000000091e-04 -7.556369999999999754e-04 2.838289999999999823e-03 5.219630000000000103e-02 6.489190000000000236e-02
1.053640000000000002e-03 1.863810000000000033e-04 -5.853469999999999507e-04 1.512300000000000059e-03 4.059970000000000245e-02 8.346770000000000578e-02
1.053640000000000002e-03 -7.413690000000000503e-05 -5.853469999999999507e-04 -1.436009999999999934e-03 1.137689999999999951e-01 2.565459999999999963e-02
1.053640000000000002e-03 -1.716750000000000123e-04 -8.851300000000000313e-04 -7.138499999999999880e-03 1.131690000000000057e-01 1.899910000000000140e-02
1.340870000000000083e-03 1.184329999999999959e-04 -7.827030000000000445e-04 4.720929999999999918e-03 6.946829999999999672e-02 5.163310000000000122e-02
9.988429999999999098e-04 5.608259999999999461e-04 -5.853469999999999507e-04 -2.408630000000000146e-03 8.510800000000000309e-02 8.651050000000000406e-02
1.053640000000000002e-03 -1.716750000000000123e-04 -9.929629999999999186e-04 3.389309999999999979e-03 7.953590000000000659e-02 2.592210000000000000e-02
1.278939999999999895e-03 -1.716750000000000123e-04 -9.628630000000000001e-04 3.392200000000000163e-03 8.156491016089276180e-02 2.638848983910725005e-02
1.111460000000000095e-03 1.991800000000000005e-04 -9.873370000000000236e-04 -3.440630000000000077e-03 7.402335299982799877e-02 8.521874700017199877e-02
1.053640000000000002e-03 2.234190000000000102e-04 -1.008959999999999935e-03 -5.286739999999999842e-03 2.809161645909961230e-02 1.298112835409003796e-01
1.437150000000000103e-03 6.250290000000000088e-05 -9.970450000000000059e-04 -2.324909999999999911e-03 -8.467333972606669312e-03 1.191309339726066702e-01
1.198070000000000081e-03 1.520530000000000026e-04 -1.570299999999999951e-03 3.387460000000000124e-03 1.668207024727504095e-02 1.239288297527249560e-01
1.264329999999999924e-03 -1.716750000000000123e-04 -1.351540000000000033e-03 3.393209999999999803e-03 -9.355000000000057714e-04 1.578709000000000084e-01
1.053640000000000002e-03 -6.602439999999999927e-06 -8.645490000000000466e-04 -2.073970000000000067e-03 -6.363334385961409712e-02 1.379783438596141054e-01
1.053640000000000002e-03 -1.716750000000000123e-04 -7.528030000000000225e-04 -4.030159999999999645e-03 -8.506306846013306222e-03 1.424739068460132985e-01
1.108330000000000036e-03 -7.643500000000000121e-04 -7.688499999999999588e-04 -1.357240000000000009e-02 1.304538800294745560e-01 1.549891199705254186e-01
1.557240000000000100e-03 -2.621060000000000143e-04 -4.200329999999999949e-04 -1.275240000000000054e-02 1.270815438114615836e-01 1.919524561885384284e-01
1.217910000000000000e-03 -2.653180000000000100e-04 -4.436700000000000127e-04 -3.557749999999999801e-02 6.460712531419311733e-03 1.151048474685806983e-01
7.970670000000000446e-04 -6.030240000000000052e-05 -2.631190000000000265e-04 -2.949610000000000079e-02 5.474756566450016820e-02 5.113343433549982775e-02
1.406949999999999911e-03 1.929049999999999970e-04 2.070460000000000163e-05 -3.222339999999999927e-02 3.351039332204880372e-02 6.365420667795118614e-02
1.581149999999999917e-03 -3.476649999999999993e-05 -1.014280000000000054e-04 -3.773789999999999784e-02 8.537599157746417200e-02 3.467560842253582937e-02
2.165090000000000157e-03 -3.476649999999999993e-05 -3.625880000000000053e-04 -2.953839999999999938e-02 1.793424133290636713e-01 6.392788667093629584e-02
2.086929999999999862e-03 -3.476649999999999993e-05 -3.336710000000000110e-04 -2.995640000000000108e-02 1.204993843777440038e-01 2.698541562225600238e-02
1.597780000000000034e-03 -3.476649999999999993e-05 -4.690599999999999848e-04 -1.633880000000000055e-02 1.174529639950345900e-01 4.084273600496540063e-02
1.248710000000000098e-03 7.992969999999999470e-05 -1.803809999999999930e-04 -1.477730000000000016e-02 8.202964429818263015e-02 8.098795570181736847e-02
1.399269999999999984e-03 -3.476649999999999993e-05 -1.803809999999999930e-04 -1.630909999999999999e-02 7.979858899236307035e-02 5.145691100763692682e-02
1.555340000000000108e-03 -2.275439999999999885e-04 -6.569129999999999631e-04 -5.830809999999999639e-03 1.348546920200016375e-01 1.943120797999833838e-02
1.196989999999999990e-03 -3.476649999999999993e-05 -5.011990000000000238e-04 4.966449999999999858e-03 1.368703415207956908e-01 3.810445847920428813e-02
1.326729999999999923e-03 -3.476649999999999993e-05 -3.468009999999999886e-04 4.978970000000000097e-03 1.021410138654925553e-01 6.550368613450743838e-02
1.326729999999999923e-03 -1.991729999999999987e-04 -5.441110000000000087e-04 4.961489999999999824e-03 1.014125031851955822e-01 -7.072373185195576610e-03
1.932509999999999914e-03 -3.202829999999999826e-04 -7.033690000000000211e-04 4.962880000000000243e-03 9.700284324979875639e-02 -1.697244324979876526e-02
1.281739999999999963e-03 -3.476649999999999993e-05 -9.503629999999999673e-04 4.962000000000000265e-03 6.107801679895991792e-02 2.097628320104008223e-02
1.460719999999999987e-03 -3.476649999999999993e-05 -1.013959999999999948e-03 -8.839589999999999601e-03 4.298949733702094045e-02 7.840182662979063369e-03
1.546719999999999909e-03 -4.566290000000000084e-04 -7.033690000000000211e-04 -1.439409999999999995e-02 7.738627141199762305e-02 -1.285407141199762689e-02
1.283260000000000043e-03 -2.494460000000000102e-04 -9.167220000000000230e-04 -1.559579999999999994e-02 9.717151717881528095e-02 2.441508282118471512e-02
1.440469999999999902e-03 -4.566300000000000242e-04 -7.033690000000000211e-04 -1.445789999999999922e-02 3.857861460405425519e-02 1.157538539594574721e-02
1.109439999999999949e-03 -4.566300000000000242e-04 -8.181829999999999962e-04 -1.345320000000000023e-02 3.857204237741391345e-02 -9.897932377413914268e-03
1.548509999999999904e-03 -4.566300000000000242e-04 -7.033690000000000211e-04 -1.300199999999999967e-02 7.811819999999999702e-03 -5.617030000000000287e-03
1.432300000000000066e-03 -8.865449999999999763e-04 -7.033690000000000211e-04 -1.293049999999999929e-02 8.558069999999999566e-02 2.343819999999999931e-02
1.739609999999999941e-03 -7.162979999999999781e-04 -1.149059999999999925e-03 -3.324309999999999765e-02 8.557560000000000167e-02 3.957530000000000076e-02
1.920789999999999911e-03 -8.865459999999999920e-04 -1.098199999999999914e-03 -2.080950000000000161e-02 5.687049999999999744e-02 5.271300000000000291e-02
1.689560000000000107e-03 -6.051929999999999636e-04 -1.023339999999999970e-03 -1.821240000000000012e-02 1.103380000000000055e-01 4.343989999999999657e-02
1.850099999999999922e-03 -3.816499999999999797e-04 -1.008570000000000083e-03 -2.025539999999999979e-02 8.176279999999999659e-02 -1.555800000000000065e-02
1.398390000000000006e-03 -6.228400000000000472e-04 -7.033690000000000211e-04 -1.293060000000000043e-02 5.502449999999999702e-02 2.217389999999999986e-02
1.441709999999999910e-03 -5.414029999999999797e-04 -6.381740000000000329e-04 -1.292779999999999971e-02 5.482320000000000249e-02 2.532979999999999954e-02
1.389910000000000060e-03 -7.260370000000000148e-04 -7.033700000000000369e-04 -1.291939999999999929e-02 7.948020000000000085e-02 -2.979549999999999907e-02
1.521669999999999924e-03 -6.157229999999999865e-04 -7.033700000000000369e-04 -1.950040000000000107e-02 7.505309999999999759e-02 -2.100060000000000121e-02
1.196570000000000099e-03 -4.176539999999999962e-04 -3.523490000000000107e-04 -1.297530000000000037e-02 2.604681016089275061e-02 8.159398983910724767e-02
7.448170000000000485e-04 -1.932780000000000153e-05 -7.710950000000000432e-05 -1.604979999999999948e-02 5.960325299982800751e-02 1.302186470001719942e-01
1.270199999999999975e-03 3.204549999999999803e-04 -7.026389999999999654e-05 -1.300800000000000047e-02 1.565816459099617086e-03 1.566972835409003728e-01
1.701849999999999977e-03 -1.929730000000000106e-04 -4.300079999999999663e-05 -1.928059999999999843e-02 6.496986602739333871e-02 1.324453339726066603e-01
1.846860000000000081e-03 -1.929730000000000106e-04 -3.110230000000000069e-04 -1.295810000000000017e-02 8.048707024727502768e-02 1.887234297527249638e-01
2.005999999999999971e-03 -2.906539999999999992e-04 -4.289629999999999789e-04 -1.298179999999999994e-02 3.755600000000000604e-02 1.610478000000000187e-01
1.755669999999999974e-03 -1.929730000000000106e-04 -3.289930000000000263e-04 -1.300319999999999948e-02 -4.016614385961410350e-02 1.597549438596140847e-01
1.299589999999999990e-03 2.453019999999999767e-04 -2.279099999999999914e-05 -1.307909999999999975e-02 -1.492920684601330150e-02 2.106041068460133003e-01
1.128899999999999956e-03 4.454230000000000212e-04 1.058970000000000061e-04 -1.308729999999999963e-02 1.078918002947457794e-02 2.021941199705254433e-01
1.267440000000000103e-03 4.575359999999999779e-04 2.071110000000000030e-04 1.674359999999999954e-03 8.115244381146158315e-02 1.150894561885384138e-01
8.722759999999999542e-04 2.067290000000000056e-04 -9.760999999999999549e-05 8.892489999999999423e-03 2.046211525314192980e-01 8.301004746858069161e-02
1.063249999999999959e-03 3.766239999999999909e-04 -1.549880000000000008e-04 9.179980000000000778e-03 1.764272656645001491e-01 9.822773433549983335e-02
7.628129999999999893e-04 8.178929999999999837e-04 3.730279999999999799e-05 8.516380000000000478e-03 6.279709332204880257e-02 1.679754066779511890e-01
7.936430000000000177e-04 8.611060000000000459e-04 2.281569999999999909e-04 5.751179999999999834e-03 1.397473915774641584e-01 1.745426084225358276e-01
1.208840000000000088e-03 5.410840000000000528e-04 1.261369999999999885e-04 5.088500000000000141e-03 1.870794133290636929e-01 1.255855866709363056e-01
1.349410000000000106e-03 6.748229999999999593e-04 6.964359999999999843e-05 8.224810000000000801e-03 1.914823843777439805e-01 1.284176156222560095e-01
1.188929999999999935e-03 7.654590000000000179e-04 1.408020000000000116e-04 1.091810000000000003e-02 1.383129639950345935e-01 1.314470360049654063e-01
8.186429999999999749e-04 1.280499999999999954e-03 2.805940000000000040e-04 1.132140000000000056e-02 1.049522442981826315e-01 1.786891557018173704e-01
1.192300000000000087e-03 8.414460000000000342e-04 0.000000000000000000e+00 1.834689999999999932e-02 1.223183889923630668e-01 1.385796110076369381e-01
